Ymatlab = [-8, -16, 58, 58, 59, 55, 58, 54, 56, 57, 58, 52, 53, 56, 57, 58;
 -7, -19, 56, 55, 62, 56, 59, 55, 59, 53, 58, 52, 57, 56, 61, 58;
 -6, -8, 73, 75, 77, 72, 74, 61, 63, 71, 74, 71, 74, 68, 69, 68;
 -7, -16, 65, 60, 65, 58, 65, 56, 62, 59, 64, 55, 60, 59, 61, 60;
 -1, -3, 75, 77, 75, 78, 78, 77, 77, 77, 77, 78, 76, 71, 70, 73;
 -5, -8, 74, 78, 78, 75, 75, 64, 65, 73, 73, 74, 73, 70, 71, 71;
 -1, -7, 74, 75, 75, 78, 77, 70, 68, 69, 69, 75, 74, 74, 74, 75;
 -1, -3, 73, 76, 73, 79, 78, 78, 76, 77, 75, 77, 75, 71, 72, 73;
 -1, -8, 75, 71, 72, 78, 78, 74, 73, 70, 69, 72, 72, 75, 74, 69;
 -1, -7, 74, 75, 75, 77, 77, 68, 68, 70, 72, 75, 75, 74, 75, 75;
 -3, -7, 79, 81, 80, 77, 77, 73, 75, 72, 71, 75, 74, 74, 74, 75;
  0, -8, 76, 72, 74, 78, 78, 74, 74, 70, 70, 73, 71, 75, 73, 68;
 -1, -7, 72, 80, 79, 77, 77, 76, 74, 74, 73, 75, 74, 74, 73, 78;
 -3, -7, 80, 81, 77, 77, 77, 75, 74, 72, 71, 75, 74, 74, 73, 75;
  1, -5, 77, 74, 73, 74, 73, 77, 77, 77, 76, 78, 77, 77, 77, 72;
 -1, -7, 72, 80, 77, 77, 77, 76, 74, 74, 73, 75, 75, 74, 74, 78];

Yc = [-8, -16, 58, 57, 59, 55, 58, 54, 56, 56, 58, 52, 53, 55, 57, 57;
   -8, -20, 55, 55, 62, 56, 59, 54, 58, 53, 57, 51, 57, 56, 61, 57;
   -6, -8, 73, 74, 76, 72, 74, 61,    63, 70, 73, 71, 73, 68, 69, 68;
   -8, -16, 64, 60, 65, 58, 64, 56,    62, 59, 64, 54, 60, 58, 60, 60;
   -2, -4, 75, 76, 75, 78, 78, 76,    76, 77, 76, 77, 76, 71, 69, 73;
   -5, -8, 74, 77, 78, 75, 75, 64,    65, 73, 73, 74, 72, 70, 70, 71;
   -2, -7, 74, 75, 74, 77, 76, 69,    68, 69, 69, 75, 74, 74, 73, 75;
   -2, -4, 72, 75, 73, 78, 78, 78,    75, 76, 75, 76, 75, 71, 71, 73;

   -1, -9, 75, 71, 71, 78, 77, 74,    72, 70, 69, 72, 71, 75, 74, 69;
   -1, -7, 74, 75, 75, 76, 77, 68,    67, 70, 71, 74, 75, 74, 74, 75;
   -4, -8, 78, 80, 80, 77, 77, 73,    74, 72, 71, 74, 74, 74, 73, 75;
   -1, -9, 76, 71, 74, 77, 78, 74,    73, 70, 70, 73, 71, 75, 73, 68;
   -2, -7, 71, 80, 79, 77, 77, 75,    73, 74, 73, 75, 74, 74, 73, 77;
   -3, -8, 79, 80, 77, 77, 77, 74,    74, 72, 71, 75, 74, 74, 72, 75;
   0, -6, 77, 73, 73, 73, 73, 77,    76, 76, 76, 78, 77, 77, 77, 72;
   -1, -7, 72, 79, 77, 77, 76, 75,    73, 74, 73, 75, 75, 74, 74, 78];

Yres = Ymatlab - Yc

Cbmatlab = [2, -56, 10,  5, 12,  1, 14,  3, 12,  1, 10,  6, 13,  3, 11,  1;
  0, -54, -1,  2,  2,  4, -2,  1, -1,  2,  2,  5,  0,  5, -3,  0;
  0, -60,  1, -9,  1, -6,  3, -3,  7, -8,  4, -6,  4, -2,  4, -6;
  4, -56,  7, 17,  9, 14, 10, 12,  8, 14,  6, 19,  9, 17,  9, 13;
  0, -63,  1,  8,  1,  2,  3,  0,  0,  4,  1,  6,  0,  9,  1,  5;
  2, -60,  1,  4,  0,  7,  3, 12,  6,  3,  5,  6,  4,  7,  4,  7;
  0, -61,  5,  5,  3,  6,  2,  9,  2,  5,  5,  5,  1,  5,  2,  5;
  0, -63,  2,  4,  3,  4,  3,  5,  0,  2,  2,  2,  0,  7,  0,  6;
 -1, -60,  1,  6,  7,  4,  1,  7,  1,  5,  2,  4,  2,  5,  0,  8;
  2, -61,  5,  6,  3,  2,  1,  2,  2,  9,  4,  2,  1,  5,  1,  5;
  3, -61,  3,  3,  1,  1,  2, -1,  6,  7,  2,  2,  0,  5,  2,  5;
  0, -60,  1,  7,  6,  1,  1,  8,  0,  7,  1,  8,  2,  5,  0,  5;
  0, -61,  4,  2, -1,  2,  2,  7, -2,  5,  3,  6,  2,  5,  1,  0;
  4, -61,  2,  3,  3,  3,  2,  6,  6,  6,  2,  5,  1,  5,  3,  5;
  2, -62,  0,  7,  3,  5,  1,  4,  2,  4,  2,  4,  1,  4,  2,  7;
  1, -61,  4,  2,  0,  1,  3,  7, -2,  7,  3,  6,  1,  5,  1,  3];

Cbc = [2, -56, 10, 5, 12, 1, 13, 2, 11, 1, 9, 6, 12, 2, 10, 1;
0, -54, -2, 2, 2, 3, -2, 1, -2, 1, 1, 5, -1, 4, -4, 0;
-1, -60, 1, -9, 1, -6, 3, -3, 7, -9, 4, -7, 3, -2, 4, -6;
3, -56, 6, 16, 8, 13, 10, 11, 8, 14, 6, 18, 8, 16, 8, 12;
0, -63, 0, 7, 1, 2, 2, 0, -1, 3, 1, 5, -1, 9, 1, 5;
2, -60, 0, 4, 0, 7, 2, 12, 6, 2, 4, 6, 4, 7, 3, 6;
0, -61, 4, 5, 2, 5, 1, 9, 1, 4, 5, 5, 1, 4, 1, 4;
-1, -63, 2, 3, 2, 3, 2, 4, 0, 1, 2, 1, 0, 7, 0, 5;
-1, -60, 1, 6, 7, 3, 1, 7, 1, 5, 1, 4, 2, 4, -1, 8;
1, -61, 5, 6, 2, 1, 1, 1, 1, 8, 4, 2, 1, 4, 1, 4;
3, -61, 2, 3, 1, 1, 2, -2, 5, 7, 2, 2, 0, 4, 1, 4;
-1, -60, 0, 7, 5, 1, 0, 7, 0, 6, 1, 7, 2, 4, 0, 5;
0, -61, 3, 2, -1, 1, 2, 6, -2, 4, 2, 6, 1, 5, 1, 0;
3, -61, 1, 3, 2, 2, 2, 5, 5, 6, 2, 5, 0, 5, 2, 5;
1, -62, 0, 7, 2, 4, 1, 4, 2, 3, 1, 3, 0, 3, 1, 6;
1, -61, 3, 1, 0, 1, 2, 7, -2, 6, 2, 5, 1, 5, 1, 3];

Cbres = Cbmatlab - Cbc

Crmatlab = [0, -70,  -5,  -5,  -7,  -6,  -8,  -5,  -7,  -5,  -7,  -4,  -5,  -4,  -5,  -4;
   0, -68,   7,  -8,   3,  -5,   3,  -6,   2,  -3,   3,  -4,   7, -11,   0,  -7;
    0, -76,  -6,  -6,  -8,  -7,  -8,   0,  -1,  -6,  -8,  -4,  -5,  -5,  -6,  -6;
  -1, -70,   6,  -7,   4,  -8,   3,  -7,   3,  -7,   3,  -6,   6,  -6,   1,  -5;
   0, -79,  -1,  -4,  -3,  -7,  -7,  -7,  -7,  -6,  -6,  -7,  -6,  -7,  -6, -10;
   0, -76,  -5,  -9,  -6,  -9,  -6,  -2,   2,  -8,  -9,  -6,  -7,  -6,  -4,  -8;
   0, -77,  -5,  -4,  -3,  -8,  -7,  -1,   0,  -6,  -6,  -9,  -8,  -6,  -6,  -6;
   0, -79,  -6,  -4,  -6,  -7,  -7,  -8,  -9,  -6,  -9,  -6,  -8,  -7,  -3, -10;
   0, -76,  -8,  -5,  -5,  -7,  -7,  -8,  -7,  -5,  -4,  -5,  -5,  -6,  -5,   0;
   0, -77,  -5,  -4,  -3,  -7,  -7,   0,  -1,  -7,  -2,  -8,  -7,  -6,  -4,  -6;
   0, -76,  -9,  -7,  -7,  -7,  -7,  -5,  -6,  -3,  -2,  -7,  -6,  -4,  -3,  -7;
   0, -76,  -6,  -5,  -1,  -7,  -6,  -8,  -5,  -5,  -3,  -6,  -6,  -6,  -7,   0;
   0, -77,  -3,  -5,  -5,  -5,  -5,  -6,  -5,  -5,  -5,  -9,  -8,  -8,  -7,  -5;
  -1, -76,  -7,  -7, -13,  -7,  -7,  -6,  -6,  -3,  -2,  -7,  -7,  -4,  -5,  -7;
  0, -78,  -5, -10, -10,  -5,  -4,  -8,  -8,  -6,  -6, -10, -10,  -8,  -8,  -6;
   0, -77,  -3,  -5,  -8,  -5,  -6,  -7,  -5,  -6,  -5,  -9,  -7,  -7,  -6,  -5];

Crc = [-1, -71, -5, -6, -7, -6, -8, -6, -7, -6, -7, -5, -6, -4, -6, -4;
-1, -68, 7, -8, 2, -5, 2, -6, 1, -4, 3, -5, 6, -11, 0, -7;
0, -77, -6, -7, -9, -7, -8, 0, -2, -7, -9, -4, -6, -5, -6, -6;
-1, -71, 6, -8, 4, -8, 3, -7, 3, -8, 3, -7, 6, -6, 0, -6;
-1, -80, -2, -5, -4, -7, -7, -8, -8, -7, -6, -7, -6, -8, -6, -11;
-1, -77, -5, -9, -6, -9, -7, -2, 1, -8, -10, -6, -7, -7, -4, -8;
0, -77, -5, -4, -4, -8, -8, -2, -1, -7, -7, -9, -9, -7, -6, -7;
0, -80, -6, -4, -7, -7, -8, -9, -10, -7, -9, -7, -8, -7, -3, -11;

0, -76, -8, -5, -5, -8, -7, -8, -7, -6, -5, -6, -5, -6, -5, -1;
-1, -77, -6, -4, -3, -8, -7, -1, -1, -7, -3, -9, -7, -7, -4, -7;
-1, -77, -9, -8, -7, -7, -7, -5, -6, -3, -3, -7, -7, -4, -4, -8, 
0, -76, -7, -5, -1, -7, -6, -8, -6, -6, -3, -6, -6, -6, -7, -1;
0, -77, -4, -6, -5, -6, -6, -7, -6, -6, -5, -9, -9, -8, -7, -5;
-1, -77, -7, -8, -13, -8, -7, -6, -7, -3, -3, -8, -8, -4, -5, -8;
-1, -78, -5, -11, -10, -5, -4, -9, -8, -6, -6, -11, -10, -9, -9, -7;
-1, -77, -3, -6, -9, -6, -7, -7, -6, -6, -5, -9, -7, -8, -6, -6];

Crres = Crmatlab - Crc

Ytmatlab1 = [397,  -190,  -145, -57,   1,  55,  57,  45;
 -46,  11,   4,   3,   3,   0,  -2,   5;
 -11,   0,   6,   1,   1,  -1,   0,  -3;
  -2,   1,   0,   0,   1,   0,   0,  -1;
  -4,   0,   9,  -3,   0,  -1,   0,  -2;
  -8,   4,  -2,   0,  -1,   2,   0,   3;
  12,   0,  -9,  -1,  -2,   1,  -2,  -1;
  24,  -4,  -2,  -2,  -2,   0,   0,  -4]; 

Ytc1 = [394, -191, -146, -57, 1, 55, 57, 45;
-45, 10, 4, 3, 3, 0, -2, 5;
-11, 0, 6, 1, 2, -1, 0, -2;
-1, 1, 0, 0, 0, 0, 0, 0; 
-4, 0, 8, -3, 0, -2, 0, -1;
-8, 5, -2, 0, -1, 1, 0, 2; 
13, 0, -7, -1, -2, 0, -1, 0;
24, -4, -1, -2, -2, 0, 1, -3];

Ytres1 = Ytmatlab1 - Ytc1

Ytmatlab2 = [535,   0,  -2,  -4,   0,  -1,   0,   4;
 -49,  -1,   5,   1,  -4,   0,   3,   5;
 -12,  -3,   3,   1,   0,   1,   0,  -1;
  -3,  -1,   1,   0,   0,   0,   0,  -3;
  -4,   8,   5,   0,   0,   0,   2,   0;
 -11,  -5,   0,   0,  -2,   0,   1,   0;
  13,   3,  -5,  -4 , -2,  -3,  -2,  -1;
  25,   1,  -4,  -1,   2,  -1,  -1,  -3];

Ytc2 = [532, 0, -2, -4, 0, -2, 0, 4;
-49, -1, 5, 1, -4, 1, 2, 5;
-12, -3, 2, 1, 0, 2, 0, -1;
-3, 0, 0, -1, 0, 0, 0, -3;
-5, 8, 4, 0, 1, 0, 2, 0;
-10, -4, 0, 0, -1, 0, 1, 0;
13, 2, -5, -5, -2, -2, -2, -1;
25, 0, -4, -1, 2, -1, -1, -3];

Ytres2 = Ytmatlab2 - Ytc2

